100 1000
75 42
77 99
69 62
11 69
39 88
22 85
10 41
25 29
77 89
90 5
93 47
90 26
38 47
78 36
79 15
84 71
45 58
23 85
58 61
72 87
16 43
82 51
66 59
72 25
87 9
39 97
67 43
43 79
76 26
93 85
5 17
47 75
56 14
34 28
82 87
4 39
36 25
5 99
77 12
19 24
15 54
34 75
2 98
81 65
86 95
94 37
70 28
34 48
67 24
16 49
70 65
56 1
82 48
92 71
91 27
70 29
75 78
67 69
74 68
3 96
78 2
2 60
99 44
76 49
85 48
2 94
42 85
100 66
99 14
30 22
12 79
20 65
23 22
84 41
53 30
39 30
51 98
37 22
58 1
86 68
94 29
85 45
15 16
7 48
26 76
58 35
67 4
47 31
88 1
46 73
1 70
69 61
53 100
37 68
85 94
21 30
11 10
80 17
20 91
100 24
30 58
79 24
64 78
2 39
17 22
80 90
72 90
17 66
84 78
90 27
35 87
49 46
36 15
62 47
4 40
76 69
48 31
2 11
86 81
20 80
84 80
47 40
20 68
4 98
93 27
89 99
75 12
96 4
84 79
63 56
89 97
94 100
98 36
63 81
72 99
53 7
67 16
33 5
17 79
72 9
71 60
48 33
33 80
18 27
56 3
69 9
51 72
79 55
73 39
9 89
51 37
38 27
43 28
57 59
25 78
92 90
10 74
55 15
30 7
65 18
67 42
85 23
44 72
49 75
9 15
13 10
17 39
36 32
10 44
68 83
90 29
87 54
28 91
76 18
86 7
5 59
7 52
4 17
98 22
17 59
87 16
93 4
72 9
15 37
20 2
100 54
40 57
99 12
3 16
92 37
6 25
84 28
50 14
81 37
26 98
8 37
73 39
98 46
50 47
82 99
11 7
60 57
19 78
56 67
69 45
67 72
27 26
4 81
47 62
78 13
22 87
33 96
29 3
16 54
89 69
11 40
99 79
95 23
28 67
1 8
59 89
65 84
86 28
11 39
57 88
87 90
24 15
38 90
76 13
84 68
5 84
69 20
79 23
33 80
92 27
75 35
60 93
100 51
9 62
20 3
71 32
40 94
16 17
92 87
7 99
67 71
37 13
83 6
54 66
84 5
8 79
6 80
67 34
82 47
72 78
55 99
19 94
99 53
29 79
83 63
69 23
24 17
63 13
45 27
42 19
78 64
99 25
28 10
41 74
69 22
37 14
11 19
82 38
59 1
29 73
30 11
27 86
62 68
74 9
72 38
24 83
27 3
78 99
35 65
2 34
70 32
79 20
84 20
2 15
79 24
84 35
42 54
57 61
87 69
72 99
65 95
16 10
7 33
86 86
42 13
38 42
10 45
36 100
88 66
61 68
40 25
21 5
76 1
19 45
25 56
18 92
21 71
30 15
2 70
14 16
83 41
72 31
59 52
8 83
97 79
4 36
7 27
65 83
9 51
29 98
26 73
35 29
91 50
47 51
6 59
87 72
87 81
62 38
49 57
82 53
16 67
40 51
33 6
31 77
34 52
50 22
94 76
89 53
19 22
28 50
8 76
75 90
53 47
21 20
90 76
61 41
83 32
97 50
55 92
8 1
23 80
65 26
11 6
43 38
35 93
41 7
92 38
82 56
9 26
65 99
13 9
69 85
25 12
14 32
78 32
18 5
39 5
88 45
33 10
93 73
92 22
71 77
70 5
69 26
51 81
42 12
48 78
64 24
2 66
17 91
12 12
81 54
15 19
33 2
27 27
49 66
88 25
83 7
59 80
21 60
11 11
74 25
58 7
68 76
48 90
19 55
79 84
37 86
87 44
83 100
78 51
50 11
84 72
65 57
88 31
30 83
23 53
43 90
44 15
82 1
47 31
37 72
26 13
18 30
22 2
11 14
22 97
18 72
15 84
16 31
26 94
74 72
100 58
73 58
71 15
89 96
94 48
99 64
20 32
19 50
19 90
41 13
55 67
2 30
64 24
41 81
75 78
32 50
11 46
37 48
6 53
71 9
1 14
60 89
40 47
67 13
45 63
81 16
70 56
99 50
66 77
93 98
25 53
14 81
30 56
90 36
73 58
68 16
83 83
84 12
100 9
10 65
53 1
2 72
75 29
10 65
94 96
84 51
16 92
29 92
15 69
61 92
19 6
68 32
5 97
27 74
79 73
89 33
70 46
23 89
13 49
86 96
90 36
16 99
22 14
83 38
37 79
91 91
85 84
58 52
66 56
86 45
88 90
98 36
65 56
26 95
25 50
49 33
41 81
100 66
77 19
24 73
4 59
87 35
1 93
74 71
100 81
56 34
81 28
15 13
31 48
95 25
14 64
15 2
53 35
4 31
75 18
57 32
16 36
54 8
96 80
7 13
18 99
47 59
18 72
45 55
5 15
58 95
14 80
91 62
83 52
16 9
71 74
79 73
72 9
22 31
6 27
12 29
27 31
78 45
79 60
44 78
58 82
48 69
14 85
43 6
57 82
14 48
69 49
26 88
19 25
5 13
97 70
12 71
23 12
62 70
5 87
58 10
76 67
77 54
80 63
45 63
77 63
69 88
87 51
37 29
64 79
88 61
73 76
66 48
49 81
79 11
72 89
13 49
7 81
29 26
71 19
79 30
12 99
1 54
67 91
4 77
83 8
52 40
5 10
88 55
42 29
23 67
27 40
5 42
15 3
59 83
100 13
78 14
55 54
24 27
66 68
87 21
19 62
1 89
73 65
4 27
82 14
79 70
87 23
23 35
44 70
88 26
11 81
53 93
58 35
8 38
95 61
20 66
49 64
25 16
71 53
55 7
77 93
41 25
18 66
22 64
94 97
78 26
81 65
8 70
42 64
57 46
43 45
24 57
59 42
74 95
24 49
96 15
87 85
85 63
65 99
58 47
100 22
49 40
100 69
59 12
17 75
35 15
35 46
100 29
79 9
91 98
4 62
77 4
16 83
56 76
75 65
15 76
3 19
23 77
12 37
87 5
73 99
93 54
42 70
90 6
35 33
15 7
24 24
79 3
64 76
76 79
35 12
51 51
57 53
60 82
4 10
15 12
34 59
52 82
87 87
59 19
99 19
32 14
66 77
42 81
31 10
9 33
35 79
11 38
1 76
30 38
18 73
46 36
5 55
52 12
69 88
55 37
73 12
89 98
11 18
42 60
17 32
16 11
43 97
92 84
36 36
82 46
45 80
45 81
74 73
56 10
12 2
76 14
95 34
8 46
4 34
96 19
77 41
50 29
44 11
88 44
80 8
76 20
93 97
9 3
74 60
100 14
31 94
39 79
17 10
100 37
59 16
30 48
99 24
9 69
70 24
69 56
54 56
16 99
33 80
58 68
3 86
37 57
63 92
2 94
45 50
38 91
20 87
85 69
26 33
58 85
10 90
25 64
5 60
99 100
63 76
63 79
79 82
18 15
14 15
33 79
58 60
25 95
53 86
98 34
10 58
31 51
96 42
72 80
75 56
42 11
17 24
30 68
93 93
72 57
57 45
52 44
76 11
15 67
95 3
14 23
81 82
82 1
1 57
65 11
32 18
44 52
75 84
98 10
72 98
43 7
1 51
23 51
90 14
44 36
75 8
51 84
55 18
21 67
82 54
76 11
75 88
77 96
85 71
84 94
55 59
82 61
89 38
81 37
31 18
61 52
74 98
28 37
17 33
54 26
32 84
39 25
81 86
5 94
17 45
96 69
79 50
34 2
78 65
78 86
84 58
49 82
27 14
71 37
30 97
61 57
28 95
78 1
45 60
83 91
57 20
38 54
95 66
31 48
13 42
57 57
1 23
66 92
49 82
12 3
13 30
85 81
83 11
80 62
45 59
60 65
29 85
68 66
18 11
42 15
59 62
10 54
43 73
77 95
91 28
81 54
27 19
27 76
66 15
24 8
63 73
34 19
100 51
69 90
33 47
59 55
70 55
8 2
68 87
26 66
36 50
44 25
95 98
1 30
86 94
19 98
76 88
76 21
93 86
10 56
13 62
35 96
48 52
96 66
61 92
52 79
87 63
6 28
15 27
67 69
73 29
69 51
27 63
21 100
17 28
24 75
48 17
46 43
91 82
51 5
7 16
84 48
72 40
18 86
77 20
17 79
32 1
85 22
41 82
96 88
12 17
2 12
32 55
1 90
32 31
4 80
83 15
32 44
31 98
89 15
19 5
62 41
35 34
78 46
2 94
81 81
29 23
25 69
38 97
16 89
62 47
31 69
42 62
93 55
43 16
27 97
65 30
35 86
66 91
46 40
12 39
74 91
63 86
35 88
79 18
50 37
92 5
65 82
78 13
50 8
37 53
72 58
66 48
34 68
13 43
51 92
54 35
19 45
63 70
15 10
1 60
77 4
74 62
82 92
33 15
42 98
37 40
68 80
69 1
65 98
96 84
37 45
16 23
39 53
78 90
78 45
24 29
15 72
41 40
72 29
80 37
82 44
2 80
33 44
98 93
3 28
19 62
98 78
74 24
97 41
69 13
60 54
100 18
81 49
